sss=[4.92197266e-02, 4.80966797e-02, 5.18554688e+01, 6.76757812e+01, 2.80273438e+01; 
4.99072266e-02, 4.80966797e-02, 5.18554688e+01, 6.76757812e+01, 2.80273438e+01; 
4.92197266e-02, 4.80458984e-02, 5.18554688e+01, 6.76757812e+01, 2.80273438e+01; 
4.92197266e-02, 4.80966797e-02, 8.99414062e+01, 6.76757812e+01, 2.80273438e+01; 
4.92197266e-02, 4.80966797e-02, 5.18554688e+01, 5.00976562e+01, 2.80273438e+01; 
4.92197266e-02, 4.80966797e-02, 5.18554688e+01, 6.76757812e+01, 6.93359375e+00; 
4.99072266e-02, 4.80458984e-02, 8.99414062e+01, 5.00976562e+01, 6.93359375e+00; 
4.97197266e-02, 4.85966797e-02, 1.85546875e+00, 1.76757812e+01, 7.80273438e+01; 
4.94072266e-02, 4.85966797e-02, 1.85546875e+00, 1.76757812e+01, 7.80273438e+01; 
4.97197266e-02, 4.85458984e-02, 1.85546875e+00, 1.76757812e+01, 7.80273438e+01; 
4.97197266e-02, 4.85966797e-02, 3.99414062e+01, 1.76757812e+01, 7.80273438e+01; 
4.97197266e-02, 4.85966797e-02, 1.85546875e+00, 9.76562500e-02, 7.80273438e+01; 
4.97197266e-02, 4.85966797e-02, 1.85546875e+00, 1.76757812e+01, 5.69335938e+01; 
4.94072266e-02, 4.85458984e-02, 3.99414062e+01, 9.76562500e-02, 5.69335938e+01; 
4.99697266e-02, 4.83466797e-02, 7.68554688e+01, 9.26757812e+01, 5.30273438e+01; 
4.91572266e-02, 4.83466797e-02, 7.68554688e+01, 9.26757812e+01, 5.30273438e+01; 
4.99697266e-02, 4.82958984e-02, 7.68554688e+01, 9.26757812e+01, 5.30273438e+01; 
4.99697266e-02, 4.83466797e-02, 1.49414062e+01, 9.26757812e+01, 5.30273438e+01; 
4.99697266e-02, 4.83466797e-02, 7.68554688e+01, 2.50976562e+01, 5.30273438e+01; 
4.99697266e-02, 4.83466797e-02, 7.68554688e+01, 9.26757812e+01, 8.19335938e+01; 
4.91572266e-02, 4.82958984e-02, 1.49414062e+01, 2.50976562e+01, 8.19335938e+01; 
4.94697266e-02, 4.88466797e-02, 2.68554688e+01, 4.26757812e+01, 3.02734375e+00; 
4.96572266e-02, 4.88466797e-02, 2.68554688e+01, 4.26757812e+01, 3.02734375e+00; 
4.94697266e-02, 4.87958984e-02, 2.68554688e+01, 4.26757812e+01, 3.02734375e+00; 
4.94697266e-02, 4.88466797e-02, 6.49414062e+01, 4.26757812e+01, 3.02734375e+00; 
4.94697266e-02, 4.88466797e-02, 2.68554688e+01, 7.50976562e+01, 3.02734375e+00; 
4.94697266e-02, 4.88466797e-02, 2.68554688e+01, 4.26757812e+01, 3.19335938e+01; 
4.96572266e-02, 4.87958984e-02, 6.49414062e+01, 7.50976562e+01, 3.19335938e+01; 
4.93447266e-02, 4.84716797e-02, 1.43554688e+01, 3.01757812e+01, 1.55273438e+01; 
4.97822266e-02, 4.84716797e-02, 1.43554688e+01, 3.01757812e+01, 1.55273438e+01; 
4.93447266e-02, 4.84208984e-02, 1.43554688e+01, 3.01757812e+01, 1.55273438e+01; 
4.93447266e-02, 4.84716797e-02, 2.44140625e+00, 3.01757812e+01, 1.55273438e+01; 
4.93447266e-02, 4.84716797e-02, 1.43554688e+01, 3.75976562e+01, 1.55273438e+01; 
4.93447266e-02, 4.84716797e-02, 1.43554688e+01, 3.01757812e+01, 6.94335938e+01; 
4.97822266e-02, 4.84208984e-02, 2.44140625e+00, 3.75976562e+01, 6.94335938e+01; 
4.98447266e-02, 4.89716797e-02, 6.43554688e+01, 8.01757812e+01, 6.55273438e+01; 
4.92822266e-02, 4.89716797e-02, 6.43554688e+01, 8.01757812e+01, 6.55273438e+01; 
4.98447266e-02, 4.89208984e-02, 6.43554688e+01, 8.01757812e+01, 6.55273438e+01; 
4.98447266e-02, 4.89716797e-02, 5.24414062e+01, 8.01757812e+01, 6.55273438e+01; 
4.98447266e-02, 4.89716797e-02, 6.43554688e+01, 8.75976562e+01, 6.55273438e+01; 
4.98447266e-02, 4.89716797e-02, 6.43554688e+01, 8.01757812e+01, 1.94335938e+01; 
4.92822266e-02, 4.89208984e-02, 5.24414062e+01, 8.75976562e+01, 1.94335938e+01; 
4.95947266e-02, 4.82216797e-02, 3.93554688e+01, 5.17578125e+00, 9.05273438e+01; 
4.90322266e-02, 4.82216797e-02, 3.93554688e+01, 5.17578125e+00, 9.05273438e+01; 
4.95947266e-02, 4.81708984e-02, 3.93554688e+01, 5.17578125e+00, 9.05273438e+01; 
4.95947266e-02, 4.82216797e-02, 7.74414062e+01, 5.17578125e+00, 9.05273438e+01; 
4.95947266e-02, 4.82216797e-02, 3.93554688e+01, 6.25976562e+01, 9.05273438e+01; 
4.95947266e-02, 4.82216797e-02, 3.93554688e+01, 5.17578125e+00, 4.44335938e+01; 
4.90322266e-02, 4.81708984e-02, 7.74414062e+01, 6.25976562e+01, 4.44335938e+01; 
4.90947266e-02, 4.87216797e-02, 8.93554688e+01, 5.51757812e+01, 4.05273438e+01; 
4.95322266e-02, 4.87216797e-02, 8.93554688e+01, 5.51757812e+01, 4.05273438e+01; 
4.90947266e-02, 4.86708984e-02, 8.93554688e+01, 5.51757812e+01, 4.05273438e+01; 
4.90947266e-02, 4.87216797e-02, 2.74414062e+01, 5.51757812e+01, 4.05273438e+01; 
4.90947266e-02, 4.87216797e-02, 8.93554688e+01, 1.25976562e+01, 4.05273438e+01; 
4.90947266e-02, 4.87216797e-02, 8.93554688e+01, 5.51757812e+01, 9.44335938e+01; 
4.95322266e-02, 4.86708984e-02, 2.74414062e+01, 1.25976562e+01, 9.44335938e+01; 
4.90634766e-02, 4.81904297e-02, 4.98046875e+00, 4.58007812e+01, 6.24023438e+01; 
4.92509766e-02, 4.81904297e-02, 4.98046875e+00, 4.58007812e+01, 6.24023438e+01; 
4.90634766e-02, 4.89521484e-02, 4.98046875e+00, 4.58007812e+01, 6.24023438e+01; 
4.90634766e-02, 4.81904297e-02, 8.05664062e+01, 4.58007812e+01, 6.24023438e+01; 
4.90634766e-02, 4.81904297e-02, 4.98046875e+00, 3.22265625e+00, 6.24023438e+01; 
4.90634766e-02, 4.81904297e-02, 4.98046875e+00, 4.58007812e+01, 4.13085938e+01; 
4.92509766e-02, 4.89521484e-02, 8.05664062e+01, 3.22265625e+00, 4.13085938e+01; 
4.95634766e-02, 4.86904297e-02, 5.49804688e+01, 9.58007812e+01, 1.24023438e+01; 
4.97509766e-02, 4.86904297e-02, 5.49804688e+01, 9.58007812e+01, 1.24023438e+01; 
4.95634766e-02, 4.84521484e-02, 5.49804688e+01, 9.58007812e+01, 1.24023438e+01; 
4.95634766e-02, 4.86904297e-02, 3.05664062e+01, 9.58007812e+01, 1.24023438e+01; 
4.95634766e-02, 4.86904297e-02, 5.49804688e+01, 5.32226562e+01, 1.24023438e+01; 
4.95634766e-02, 4.86904297e-02, 5.49804688e+01, 9.58007812e+01, 9.13085938e+01; 
4.97509766e-02, 4.84521484e-02, 3.05664062e+01, 5.32226562e+01, 9.13085938e+01; 
4.98134766e-02, 4.84404297e-02, 2.99804688e+01, 2.08007812e+01, 3.74023438e+01; 
4.95009766e-02, 4.84404297e-02, 2.99804688e+01, 2.08007812e+01, 3.74023438e+01; 
4.98134766e-02, 4.87021484e-02, 2.99804688e+01, 2.08007812e+01, 3.74023438e+01; 
4.98134766e-02, 4.84404297e-02, 5.56640625e+00, 2.08007812e+01, 3.74023438e+01; 
4.98134766e-02, 4.84404297e-02, 2.99804688e+01, 7.82226562e+01, 3.74023438e+01; 
4.98134766e-02, 4.84404297e-02, 2.99804688e+01, 2.08007812e+01, 6.63085938e+01; 
4.95009766e-02, 4.87021484e-02, 5.56640625e+00, 7.82226562e+01, 6.63085938e+01; 
4.93134766e-02, 4.89404297e-02, 7.99804688e+01, 7.08007812e+01, 8.74023438e+01; 
4.90009766e-02, 4.89404297e-02, 7.99804688e+01, 7.08007812e+01, 8.74023438e+01; 
4.93134766e-02, 4.82021484e-02, 7.99804688e+01, 7.08007812e+01, 8.74023438e+01; 
4.93134766e-02, 4.89404297e-02, 5.55664062e+01, 7.08007812e+01, 8.74023438e+01; 
4.93134766e-02, 4.89404297e-02, 7.99804688e+01, 2.82226562e+01, 8.74023438e+01; 
4.93134766e-02, 4.89404297e-02, 7.99804688e+01, 7.08007812e+01, 1.63085938e+01; 
4.90009766e-02, 4.82021484e-02, 5.55664062e+01, 2.82226562e+01, 1.63085938e+01; 
4.94384766e-02, 4.83154297e-02, 6.74804688e+01, 5.83007812e+01, 9.99023438e+01; 
4.93759766e-02, 4.83154297e-02, 6.74804688e+01, 5.83007812e+01, 9.99023438e+01; 
4.94384766e-02, 4.85771484e-02, 6.74804688e+01, 5.83007812e+01, 9.99023438e+01; 
4.94384766e-02, 4.83154297e-02, 1.80664062e+01, 5.83007812e+01, 9.99023438e+01; 
4.94384766e-02, 4.83154297e-02, 6.74804688e+01, 9.07226562e+01, 9.99023438e+01; 
4.94384766e-02, 4.83154297e-02, 6.74804688e+01, 5.83007812e+01, 7.88085938e+01; 
4.93759766e-02, 4.85771484e-02, 1.80664062e+01, 9.07226562e+01, 7.88085938e+01; 
4.99384766e-02, 4.88154297e-02, 1.74804688e+01, 8.30078125e+00, 4.99023438e+01; 
4.98759766e-02, 4.88154297e-02, 1.74804688e+01, 8.30078125e+00, 4.99023438e+01; 
4.99384766e-02, 4.80771484e-02, 1.74804688e+01, 8.30078125e+00, 4.99023438e+01; 
4.99384766e-02, 4.88154297e-02, 6.80664062e+01, 8.30078125e+00, 4.99023438e+01; 
4.99384766e-02, 4.88154297e-02, 1.74804688e+01, 4.07226562e+01, 4.99023438e+01; 
4.99384766e-02, 4.88154297e-02, 1.74804688e+01, 8.30078125e+00, 2.88085938e+01; 
4.98759766e-02, 4.80771484e-02, 6.80664062e+01, 4.07226562e+01, 2.88085938e+01; 
