sobol_ACT=[5.00000000e-01, 5.00000000e-01; 
7.50000000e-01, 2.50000000e-01; 
2.50000000e-01, 7.50000000e-01; 
3.75000000e-01, 3.75000000e-01; 
8.75000000e-01, 8.75000000e-01; 
6.25000000e-01, 1.25000000e-01; 
1.25000000e-01, 6.25000000e-01; 
1.87500000e-01, 3.12500000e-01; 
6.87500000e-01, 8.12500000e-01; 
9.37500000e-01, 6.25000000e-02; 
];

sobol_T=[5.00000000e-01; 
7.50000000e-01; 
2.50000000e-01; 
3.75000000e-01; 
8.75000000e-01; 
];