function [f,da]=Load_beam_classical(load_step,f)    

da=0;
f(3*18,1)= 10*load_step;
f(3*23,1)= 10*load_step;

f=1e-3*f;


weight = 1* [
                         0
                         0
   -7.021658886505073e-003
                         0
                         0
   -7.021658886505073e-003
                         0
                         0
   -7.021658886505073e-003
                         0
                         0
   -6.434982256724427e-003
                         0
                         0
   -6.434982256724427e-003
                         0
                         0
   -7.021658886505073e-003
                         0
                         0
   -7.021658886505073e-003
                         0
                         0
   -7.021658886505073e-003
                         0
                         0
   -6.434982256724427e-003
                         0
                         0
   -7.021658886505073e-003
                         0
                         0
   -7.021658886505073e-003
                         0
                         0
   -6.434982256724427e-003
                         0
                         0
   -6.434982256724427e-003
                         0
                         0
   -7.021658886505073e-003
                         0
                         0
   -7.021658886505073e-003
                         0
                         0
   -6.434982256724427e-003
                         0
                         0
   -6.434982256724427e-003
                         0
                         0
   -7.021658886505073e-003
                         0
                         0
   -7.021658886505073e-003
                         0
                         0
   -7.021658886505073e-003
                         0
                         0
   -7.021658886505073e-003
                         0
                         0
   -7.021658886505073e-003
                         0
                         0
   -7.021658886505073e-003
                         0
                         0
   -6.434982256724427e-003];
   

   f = f + weight;



end











