function [weight] = zhongli(lrz,nrz)


weight=[
                         0
                         0
   -6.999685048859471e-003
                         0
                         0
   -6.999685048859471e-003
                         0
                         0
   -6.999685048859471e-003
                         0
                         0
   -6.415213970318603e-003
                         0
                         0
   -6.415213970318603e-003
                         0
                         0
   -6.999685048859471e-003
                         0
                         0
   -6.999685048859471e-003
                         0
                         0
   -6.999685048859471e-003
                         0
                         0
   -6.415213970318603e-003
                         0
                         0
   -6.999685048859471e-003
                         0
                         0
   -6.999685048859471e-003
                         0
                         0
   -6.415213970318603e-003
                         0
                         0
   -6.415213970318603e-003
                         0
                         0
   -6.999685048859471e-003
                         0
                         0
   -6.999685048859471e-003
                         0
                         0
   -6.415213970318603e-003
                         0
                         0
   -6.415213970318603e-003
                         0
                         0
   -6.999685048859471e-003
                         0
                         0
   -6.999685048859471e-003
                         0
                         0
   -6.999685048859471e-003
                         0
                         0
   -6.999685048859471e-003
                         0
                         0
   -6.999685048859471e-003
                         0
                         0
   -6.999685048859471e-003
                         0
                         0
   -6.415213970318603e-003];




% for i=1:nrz
%     weight(3*lrz(i),1)=0;
% end




end











